1,14975
1,15585
1,15644
1,28914
1,55326
1,57292
1,59085
1,59317
1,60744
1,66272
1,67196
1,67224
1,70351
1,73093
1,74628
1,76854
1,77766
1,82065
1,85022
1,85212
1,85941
1,87048
1,87360
1,88279
1,89946
1,89956
1,108030
1,108411
1,109201
1,124883
1,125271
1,135000
1,135031
1,250221
1,258137
1,521578
1,533198
1,534254
1,535696
1,541399
1,548580
1,564654
1,564687
1,565002
1,565209
1,565286
1,565902
1,565927
1,566130
1,566151
1,568644
1,568665
1,568670
1,568938
1,569097
1,569203
1,569460
1,569935
1,574329
1,603569
1,625392
1,648912
1,665266
1,668374
1,669055
1,672188
1,672651
1,676118
1,694816
1,702063
1,706425
1,713871
1,714019
1,715142
1,719934
1,720240
1,721048
1,723853
1,724324
1,726850
1,726894
1,729739
1,730122
1,731849
1,733614
1,734375
1,734707
1,735672
1,736045
1,736626
1,739654
1,743021
1,743072
1,744641
1,748810
1,749684
1,751903
1,752307
1,752566
1,754211
1,754390
1,754763
1,757843
1,758235
1,759436
1,759829
1,761752
1,765467
1,768390
1,768746
1,769224
1,770886
1,770920
1,771967
1,774018
1,774777
1,775500
1,775531
1,777744
1,778584
1,779118
1,782981
1,782982
1,784536
1,787748
1,787835
1,787975
1,788446
1,789852
1,790656
1,790709
1,791315
1,793439
1,793550
1,794187
1,794579
1,797474
1,798496
1,798844
1,800917
1,802074
1,804040
1,804109
1,804132
1,808259
1,808723
1,810089
1,813182
1,814215
1,814297
1,819065
1,819398
1,819959
1,821858
1,821975
1,823790
1,824528
1,826205
1,827447
1,829861
1,829874
1,830832
1,834437
1,835477
1,836684
1,839129
1,839400
1,842446
1,842685
1,843651
1,844300
1,844343
1,844476
1,846078
1,848781
1,849253
1,850598
1,852804
1,852820
1,854850
1,856042
1,856557
1,857722
1,858478
1,858941
1,862971
1,863576
1,863886
1,864490
1,864642
1,865120
1,865693
1,865696
1,866461
1,867151
1,869358
1,870976
1,871020
1,871602
1,872007
1,872168
1,876067
1,876484
1,876664
1,879125
1,879257
1,879676
1,880365
1,881070
1,881998
1,883016
1,883610
1,885155
1,885497
1,885917
1,888311
1,891397
1,891549
1,892558
1,892745
1,892795
1,893510
1,896728
1,896987
1,897308
1,897417
1,898054
1,898542
1,898702
1,899747
1,900205
1,900598
1,900832
1,901504
1,901607
1,904791
1,906343
1,906872
1,906966
1,907068
1,907653
1,908414
1,908585
1,908870
1,909093
1,910066
1,910473
1,911301
1,911916
1,913883
1,914250
1,914765
1,915227
1,916017
1,918342
1,918464
1,918530
1,919127
1,919383
1,920605
1,920692
1,921509
1,921615
1,921814
1,921882
1,922045
1,922261
1,923332
1,925653
1,926431
1,928849
1,930705
1,934589
1,936687
1,937572
1,937576
1,938506
1,939077
1,939317
1,940201
1,941821
1,941927
1,943388
1,945111
1,945349
1,946654
1,948943
1,951830
1,951899
1,952426
1,952508
1,952642
1,952890
1,953747
1,954066
1,957196
1,958925
1,958988
1,959059
1,961805
1,962676
1,962855
1,963336
1,963721
1,963845
1,964461
1,964971
1,965175
1,966391
1,966467
1,967651
1,969670
1,970153
1,970916
1,971184
1,972862
1,974570
1,975718
1,978139
1,978193
1,978964
1,978974
1,979845
1,980163
1,983205
1,984147
1,984428
1,984971
1,985450
1,986274
1,986437
1,986980
1,987200
1,988072
1,988395
1,989615
1,989755
1,991019
1,991426
1,995453
1,997377
1,998356
1,999534
1,999957
1,1002519
1,1003389
1,1004677
1,1006396
1,1007432
1,1007608
1,1007987
1,1008092
1,1008732
1,1010290
1,1010759
1,1011844
1,1013430
1,1015087
1,1015432
1,1017306
1,1019639
1,1020679
1,1020762
1,1021346
1,1022642
1,1023472
1,1024181
1,1024355
1,1028045
1,1032163
1,1032569
1,1032674
1,1033574
1,1033670
1,1034689
1,1037210
1,1038839
1,1042231
1,1042403
1,1042420
1,1043448
1,1043746
1,1043999
1,1045180
1,1045218
1,1046914
1,1046997
1,1048304
1,1048989
1,1049989
1,1053385
1,1054212
1,1054551
1,1055797
1,1056006
1,1056127
1,1056946
1,1057779
1,1058917
1,1058976
1,1059827
1,1060143
1,1060802
1,1061276
1,1061510
1,1062867
1,1064708
1,1065858
1,1065960
1,1068559
1,1069389
1,1071751
1,1073231
1,1074431
1,1076174
1,1076323
1,1077111
1,1077389
1,1077597
1,1077665
1,1078340
1,1081993
1,1083168
1,1085424
1,1086699
1,1089662
1,1091612
1,1092699
1,1093293
1,1094028
1,1094304
1,1097525
1,1098608
1,1099583
1,1100108
1,1101024
1,1103959
1,1104111
1,1104117
1,1104353
1,1105478
1,1105826
1,1106685
1,1106993
1,1107205
1,1108925
1,1109311
1,1109761
1,1112260
1,1114800
1,1115379
1,1115396
1,1116041
1,1116858
1,1117699
1,1118415
1,1118536
1,1120437
1,1121424
1,1122283
1,1122738
1,1124508
1,1127322
1,1128429
1,1129034
1,1130311
1,1131755
1,1132453
1,1132938
1,1133315
1,1133638
1,1135524
1,1135784
1,1136274
1,1136668
1,1137706
1,1138982
1,1139176
1,1139320
1,1140382
1,1142436
1,1142714
1,1144122
1,1144450
1,1144987
1,1145031
1,1145238
1,1146941
1,1147565
1,1149089
1,1150037
1,1150101
1,1150475
1,1151378
1,1152566
1,1152612
1,1153658
1,1154157
1,1154561
1,1154948
1,1155238
1,1156289
1,1156692
1,1156735
1,1157206
1,1157458
1,1157459
1,1157477
1,1158179
1,1158456
1,1158948
1,1159661
1,1160066
1,1160469
1,1161881
1,1162208
1,1162358
1,1163633
1,1164628
1,1164988
1,1165181
1,1165394
1,1168515
1,1168632
1,1170396
1,1170982
1,1171022
1,1171142
1,1172010
1,1173078
1,1174043
1,1175243
1,1177211
1,1178482
1,1179720
1,1179747
1,1183076
1,1183397
1,1184322
1,1185524
1,1186715
1,1187133
1,1189663
1,1189726
1,1193044
1,1194281
1,1195053
1,1197786
1,1197815
1,1199190
1,1202900
1,1203042
1,1203897
1,1204038
1,1204372
1,1207230
1,1210468
1,1210471
1,1211261
1,1211386
1,1212649
1,1213013
1,1213206
1,1213223
1,1213654
1,1213824
1,1215111
1,1215712
1,1215774
1,1217401
1,1218214
1,1219401
1,1220045
1,1220048
1,1220527
1,1220909
1,1222280
1,1222996
1,1225345
1,1225590
1,1225612
1,1226141
1,1226495
1,1227052
1,1229205
1,1229361
1,1229517
1,1230212
1,1231867
1,1232174
1,1232184
1,1235268
1,1236399
1,1237829
1,1241023
1,1243699
1,1243887
1,1244677
1,1245290
1,1246200
1,1247276
1,1248122
1,1250388
1,1250657
1,1250666
1,1251960
1,1252040
1,1253029
1,1256192
1,1256489
1,1259989
1,1260159
1,1261347
1,1262706
1,1262966
1,1263144
1,1263451
1,1264641
1,1264840
1,1265127
1,1265310
1,1265536
1,1265572
1,1266850
1,1268195
1,1268847
1,1269994
1,1270088
1,1271260
1,1271384
1,1271537
1,1271754
1,1272769
1,1273971
1,1276097
1,1276277
1,1276669
1,1277036
1,1277141
1,1277179
1,1277184
1,1280560
1,1280912
1,1281014
1,1282268
1,1283092
1,1284311
1,1287922
1,1288242
1,1288471
1,1289462
1,1291013
1,1291139
1,1292426
1,1293666
1,1293796
1,1294287
1,1295424
1,1295503
1,1296450
1,1296822
1,1300968
1,1301434
1,1301567
1,1301664
1,1302068
1,1302416
1,1302680
1,1302951
1,1304824
1,1305170
1,1305912
1,1306492
1,1310587
1,1310924
1,1312819
1,1315223
1,1315893
1,1317235
1,1317301
1,1317871
1,1318494
1,1320056
1,1320109
1,1320874
1,1322735
1,1323030
1,1324623
1,1325136
1,1325295
1,1328972
1,1329235
1,1329398
1,1331956
1,1333713
1,1336061
1,1338417
1,1338772
1,1339905
1,1340874
1,1341549
1,1342810
1,1343436
1,1344065
1,1344606
1,1344884
1,1345691
1,1346075
1,1346699
1,1346702
1,1347227
1,1348558
1,1348666
1,1348681
1,1349727
1,1350313
1,1351091
1,1351665
1,1353602
1,1353632
1,1354202
1,1354528
1,1355904
1,1356239
1,1357194
1,1358095
1,1360571
1,1367714
1,1367855
1,1368281
1,1368953
1,1370013
1,1370067
1,1371459
1,1372460
1,1375095
1,1375207
1,1375412
1,1376871
1,1378294
1,1379740
1,1380582
1,1381195
1,1384134
1,1385702
1,1386367
1,1387257
1,1388480
1,1388697
1,1388953
1,1389961
1,1390228
1,1391208
1,1392312
1,1392990
1,1394180
1,1395088
1,1396263
1,1400742
1,1401049
1,1403222
1,1403814
1,1404023
1,1404468
1,1406524
1,1411571
1,1414013
1,1415293
1,1415623
1,1415785
1,1416490
1,1417489
1,1419889
1,1420633
1,1420674
1,1421013
1,1421727
1,1421862
1,1422230
1,1422782
1,1422924
1,1423616
1,1425251
1,1425426
1,1425428
1,1426559
1,1430721
1,1431502
1,1432569
1,1435264
1,1435749
1,1435888
1,1435913
1,1436125
1,1442689
1,1444309
1,1444764
1,1444849
1,1445146
1,1445504
1,1445507
1,1446432
1,1447325
1,1450306
1,1450944
1,1451743
1,1452379
1,1453374
1,1453777
1,1455274
1,1455314
1,1455778
1,1455863
1,1457356
1,1458555
1,1458739
1,1459899
1,1460185
1,1460257
1,1460416
1,1460517
1,1460742
1,1462486
1,1464847
1,1466973
1,1467690
1,1468237
1,1468398
1,1468660
1,1468718
1,1468795
1,1469134
1,1469596
1,1470035
1,1472160
1,1472343
1,1472737
1,1473185
1,1473371
1,1474166
1,1476348
1,1476439
1,1478880
1,1479173
1,1479637
1,1480307
1,1481081
1,1481214
1,1482867
1,1483276
1,1483827
1,1484126
1,1484198
1,1487592
1,1487596
1,1490095
1,1490400
1,1492526
1,1495626
1,1495712
1,1496680
1,1496790
1,1497413
1,1497691
1,1497869
1,1499929
1,1499953
1,1500126
1,1500485
1,1502285
1,1502749
1,1506550
1,1509054
1,1509240
1,1509456
1,1510367
1,1510441
1,1511537
1,1512885
1,1512886
1,1516251
1,1517918
1,1518906
1,1519107
1,1519200
1,1519892
1,1520969
1,1522043
1,1522992
1,1523901
1,1524615
1,1526165
1,1526487
1,1527053
1,1528358
1,1528412
1,1528552
1,1529457
1,1529589
1,1529911
1,1530058
1,1530162
1,1530970
1,1531909
1,1532435
1,1533246
1,1534194
1,1534710
1,1535585
1,1536354
1,1539954
1,1543593
1,1545289
1,1545864
1,1547054
1,1547699
1,1549519
1,1550441
1,1551428
1,1552326
1,1553418
1,1554516
1,1554851
1,1555718
1,1557890
1,1557891
1,1558280
1,1558958
1,1559971
1,1560306
1,1560430
1,1561149
1,1561606
1,1561869
1,1562155
1,1563219
1,1564072
1,1571975
1,1572125
1,1572384
1,1572595
1,1573118
1,1573264
1,1574241
1,1575731
1,1576394
1,1579202
1,1580248
1,1582390
1,1586974
1,1588000
1,1588202
1,1590521
1,1590732
1,1591183
1,1592199
1,1592558
1,1595867
1,1597474
1,1597702
1,1598539
1,1602260
1,1603256
1,1604499
1,1604530
1,1604791
1,1605456
1,1605749
1,1606869
1,1608118
1,1609564
1,1609582
1,1610133
1,1610694
1,1610805
1,1613560
1,1613568
1,1614156
1,1615144
1,1615758
1,1616667
1,1618281
1,1620526
1,1620667
1,1621559
1,1625280
1,1629109
1,1639960
1,1646113
1,1646757
1,1647301
1,1647555
1,1648421
1,1648983
1,1649392
1,1650033
1,1651335
1,1652564
1,1653111
1,1657633
1,1657828
1,1658126
1,1658301
1,1660140
1,1660488
1,1664080
1,1664420
1,1664422
1,1665313
1,1665510
1,1666448
1,1667416
1,1668546
1,1668723
1,1669795
1,1670289
1,1671435
1,1673511
1,1674722
1,1675041
1,1675058
1,1680113
1,1680546
1,1680648
1,1685713
1,1685804
1,1685900
1,1687546
1,1690126
1,1690911
1,1691983
1,1692510
1,1692591
1,1692651
1,1692989
1,1693678
1,1695073
1,1696437
1,1698035
1,1703937
1,1704110
1,1704739
1,1705111
1,1712975
1,1713110
1,1713705
1,1714053
1,1714777
1,1716210
1,1717405
1,1717765
1,1720217
1,1721660
1,1722425
1,1724838
1,1726020
1,1726143
1,1726610
1,1727797
1,1727955
1,1728706
1,1731572
1,1735144
1,1737874
1,1740152
1,1740423
1,1741325
1,1741647
1,1742678
1,1743745
1,1744614
1,1747107
1,1747432
1,1747469
1,1747649
1,1749430
1,1750073
1,1750692
1,1754045
1,1758200
1,1762474
1,1762757
1,1763187
1,1763226
1,1766075
1,1766094
1,1766873
1,1767609
1,1768213
1,1768894
1,1770789
1,1771050
1,1771720
1,1772488
1,1774604
1,1775057
1,1775221
1,1782215
1,1787804
1,1788744
1,1792157
1,1792333
1,1792716
1,1795251
1,1795329
1,1796383
1,1796717
1,1797569
1,1798846
1,1799766
1,1801388
1,1801399
1,1802045
1,1803559
1,1806447
1,1808769
1,1809509
1,1809575
1,1809818
1,1809901
1,1811351
1,1812349
1,1812685
1,1816617
1,1818762
1,1820695
1,1820879
1,1823026
1,1824139
1,1824144
1,1825524
1,1826628
1,1829137
1,1829675
1,1829868
1,1832196
1,1832287
1,1832357
1,1832701
1,1832975
1,1833066
1,1833213
1,1833757
1,1835942
1,1840385
1,1842849
1,1843579
1,1844046
1,1844695
1,1844803
1,1846073
1,1847255
1,1848172
1,1849691
1,1850222
1,1851395
1,1852356
1,1852632
1,1852772
1,1853178
1,1854192
1,1855179
1,1855721
1,1856514
1,1856881
1,1858071
1,1859131
1,1859190
1,1860397
1,1860545
1,1861461
1,1862025
1,1865849
1,1865978
1,1866673
1,1868616
1,1873088
1,1875230
1,1875302
1,1875548
1,1877383
1,1877815
1,1879454
1,1879612
1,1880250
1,1880284
1,1880373
1,1880928
1,1882745
1,1883503
1,1884796
1,1884880
1,1884990
1,1885356
1,1885685
1,1886052
1,1886204
1,1886222
1,1886441
1,1889410
1,1892401
1,1893367
1,1895058
1,1895557
1,1896046
1,1897753
1,1899849
1,1899992
1,1900376
1,1900903
1,1901055
1,1902604
1,1903373
1,1903660
1,1903745
1,1904156
1,1904791
1,1906018
1,1909880
1,1910371
1,1910469
1,1910547
1,1910698
1,1911319
1,1912501
1,1914380
1,1914570
1,1914597
1,1915128
1,1915330
1,1915739
1,1916890
1,1917380
1,1917871
1,1918843
1,1919592
1,1923028
1,1923279
1,1924134
1,1924203
1,1924690
1,1924841
1,1925406
1,1930509
1,1930861
1,1931370
1,1931911
1,1933267
1,1935535
1,1936578
1,1937387
1,1937494
1,1941570
1,1943054
1,1943294
1,1944553
1,1949544
1,1951354
1,1953054
1,1953419
1,1954179
1,1957372
1,1957815
1,1958142
1,1958230
1,1958314
1,1959383
1,1959595
1,1959779
1,1959968
1,1960148
1,1960605
1,1960674
1,1960689
1,1961498
1,1961514
1,1962072
1,1962305
1,1962633
1,1963907
1,1964372
1,1964624
1,1966579
1,1966659
1,1970007
1,1970122
1,1971222
1,1979228
1,1979263
1,1981924
1,1982397
1,1983208
1,1983651
1,1983707
1,1984749
1,1985273
1,1986420
1,1990319
1,1990685
1,1990828
1,1991099
1,1991698
1,1992013
1,1993688
1,1994222
1,1996399
1,1996934
1,1997801
1,1998160
1,1998538
1,1998652
1,1998716
1,1999345
1,1999680
1,2001741
1,2002246
1,2002379
1,2004953
1,2005781
1,2005805
1,2007381
1,2007755
1,2008054
1,2008407
1,2009294
1,2009517
1,2010852
1,2011087
1,2012011
1,2014196
1,2014199
1,2014346
1,2014646
1,2015055
1,2015569
1,2015699
1,2016453
1,2016635
1,2017494
1,2020004
1,2020196
1,2020749
1,2021904
1,2021924
1,2022381
1,2022659
1,2022723
1,2022842
1,2023220
1,2024507
1,2024817
1,2027901
1,2028101
1,2029290
1,2030462
1,2032401
1,2033909
1,2034052
1,2034560
1,2035379
1,2036044
1,2036997
1,2037992
1,2038194
1,2039175
1,2039327
1,2039512
1,2040763
1,2040785
1,2041401
1,2042091
1,2043968
1,2044200
1,2045165
1,2045376
1,2046125
1,2046129
1,2046296
1,2046381
1,2046537
1,2047397
1,2048174
1,2051510
1,2052545
1,2053018
1,2054863
1,2055735
1,2056115
1,2056463
1,2057279
1,2059475
1,2061240
1,2070519
1,2073004
1,2073768
1,2075570
1,2077000
1,2078701
1,2078721
1,2080677
1,2081970
1,2083537
1,2083738
1,2085429
1,2085666
1,2086362
1,2086497
1,2087413
1,2088104
1,2089525
1,2090148
1,2090766
1,2091414
1,2093124
1,2094166
1,2096711
1,2097727
1,2098016
1,2098116
1,2098831
1,2099103
1,2099338
1,2100984
1,2101824
1,2102541
1,2102580
1,2102975
1,2103439
1,2104364
1,2104576
1,2104880
1,2106990
1,2107299
1,2109192
1,2110965
1,2111602
1,2111963
1,2112001
1,2114005
1,2114481
1,2115465
1,2115612
1,2115622
1,2117978
1,2118639
1,2118715
1,2119041
1,2119208
1,2119219
1,2119496
1,2120733
1,2120770
1,2121118
1,2121505
1,2122822
1,2123314
1,2124944
1,2126620
1,2129325
1,2129367
1,2129979
1,2130222
1,2131124
1,2132754
1,2133320
1,2137368
1,2139019
1,2139311
1,2146545
1,2146699
1,2146811
1,2146889
1,2147874
1,2148018
1,2148412
1,2151480
1,2153574
1,2153935
1,2157200
1,2157283
1,2157815
1,2160916
1,2161236
1,2162413
1,2163007
1,2163544
1,2164098
1,2164385
1,2164620
1,2165014
1,2165340
1,2166133
1,2166584
1,2169429
1,2169473
1,2170348
1,2170986
1,2171410
1,2172553
1,2173068
1,2173154
1,2173355
1,2176161
1,2177485
1,2177909
1,2179042
1,2179734
1,2187151
1,2191416
1,2192361
1,2194650
1,2194673
1,2196447
1,2196718
1,2197333
1,2197601
1,2197971
1,2198945
1,2199405
1,2200948
1,2203490
1,2203517
1,2203876
1,2203929
1,2204746
1,2204763
1,2206717
1,2207480
1,2208714
1,2208908
1,2214381
1,2214557
1,2218265
1,2218580
1,2218777
1,2218877
1,2218965
1,2219448
1,2219695
1,2220725
1,2221369
1,2223672
1,2224362
1,2224866
1,2225236
1,2225264
1,2227707
1,2231567
1,2232294
1,2233581
1,2235662
1,2236180
1,2236403
1,2237020
1,2237866
1,2238271
1,2238512
1,2238916
1,2239149
1,2240445
1,2240506
1,2240846
1,2241110
1,2241435
1,2242537
1,2243904
1,2244952
1,2246061
1,2248142
1,2248364
1,2248511
1,2249236
1,2249905
1,2250496
1,2252400
1,2254127
1,2254500
1,2255029
1,2255592
1,2256288
1,2256450
1,2256726
1,2257886
1,2259165
1,2259297
1,2260611
1,2263243
1,2263427
1,2263502
1,2263622
1,2263747
1,2265135
1,2265367
1,2265821
1,2265849
1,2266078
1,2266630
1,2266725
1,2268599
1,2268633
1,2268662
1,2270947
1,2272098
1,2272421
1,2272463
1,2272890
1,2273044
1,2274551
1,2275376
1,2276306
1,2278057
1,2278981
1,2279109
1,2280291
1,2280308
1,2282178
1,2282312
1,2283165
1,2283189
1,2283441
1,2284644
1,2284898
1,2285414
1,2286084
1,2286443
1,2286710
1,2286778
1,2286792
1,2288406
1,2288535
1,2288580
1,2294711
1,2294821
1,2295266
1,2295851
1,2295924
1,2296349
1,2299083
1,2299374
1,2301429
1,2302516
1,2302911
1,2303711
1,2305207
1,2308975
1,2309417
1,2311559
1,2312958
1,2316347
1,2317643
1,2318143
1,2323606
1,2324336
1,2326812
1,2329563
1,2329879
1,2329882
1,2331402
1,2332952
1,2335326
1,2335871
1,2336248
1,2340200
1,2340859
1,2341385
1,2341485
1,2342658
1,2345649
1,2347491
1,2347837
1,2347843
1,2348859
1,2350138
1,2350576
1,2351299
1,2351837
1,2355745
1,2356243
1,2356294
1,2358155
1,2358199
1,2359386
1,2360417
1,2361236
1,2363196
1,2363227
1,2363528
1,2365765
1,2366175
1,2367012
1,2367273
1,2368782
1,2369391
1,2369638
1,2371114
1,2371343
1,2372397
1,2372498
1,2375506
1,2376699
1,2377257
1,2379501
1,2381592
1,2384782
1,2385593
1,2386447
1,2387366
1,2389285
1,2389376
1,2389660
1,2390588
1,2390715
1,2391636
1,2393310
1,2393523
1,2394128
1,2394756
1,2394760
1,2395498
1,2395538
1,2396506
1,2396674
1,2398317
1,2398952
1,2399402
1,2399467
1,2399508
1,2401566
1,2401622
1,2402489
1,2403680
1,2403984
1,2404563
1,2404567
1,2406431
1,2410711
1,2411523
1,2416010
1,2418128
1,2418752
1,2423714
1,2425172
1,2425202
1,2426013
1,2426248
1,2426818
1,2427712
1,2428607
1,2429005
1,2429267
1,2429483
1,2434212
1,2435812
1,2435958
1,2436303
1,2437719
1,2438613
1,2439259
1,2439407
1,2440281
1,2442731
1,2443215
1,2443319
1,2443470
1,2445558
1,2449025
1,2449207
1,2449633
1,2450860
1,2450865
1,2451346
1,2452523
1,2452979
1,2455226
1,2457607
1,2458644
1,2459039
1,2459496
1,2465077
1,2468998
1,2469594
1,2469633
1,2470499
1,2470669
1,2470686
1,2470877
1,2472946
1,2473113
1,2474757
1,2474957
1,2476312
1,2479841
1,2480272
1,2480417
1,2482499
1,2482725
1,2482848
1,2482921
1,2484104
1,2485269
1,2485520
1,2485691
1,2487161
1,2487225
1,2487623
1,2487984
1,2489167
1,2489200
1,2490892
1,2491278
1,2492334
1,2494079
1,2495766
1,2496057
1,2496214
1,2496444
1,2498052
1,2498626
1,2501214
1,2501335
1,2501516
1,2501693
1,2502775
1,2503125
1,2504708
1,2506323
1,2507158
1,2507671
1,2507701
1,2508529
1,2508634
1,2508931
1,2511543
1,2512289
1,2513678
1,2520477
1,2522714
1,2523212
1,2523431
1,2523807
1,2523999
1,2525070
1,2526436
1,2526730
1,2526896
1,2527521
1,2527694
1,2529552
1,2529881
1,2533552
1,2534933
1,2535758
1,2536383
1,2537203
1,2537427
1,2539142
1,2539590
1,2545468
1,2546808
1,2548077
1,2548625
1,2551498
1,2553011
1,2553083
1,2553624
1,2554010
1,2554120
1,2556125
1,2556418
1,2556987
1,2559692
1,2560975
1,2561985
1,2563250
1,2565395
1,2566025
1,2567222
1,2567738
1,2567824
1,2568565
1,2568925
1,2569113
1,2569783
1,2572069
1,2572755
1,2574499
1,2576938
1,2578258
1,2578971
1,2579637
1,2581688
1,2605709
1,2615085
1,2615134
1,2615313
1,2616520
1,2616783
1,2616822
1,2616910
1,2617165
1,2617238
1,2617654
1,2618131
1,2618223
1,2618635
1,2619137
1,2620375
1,2620419
1,2620639
1,2621527
1,2621592
1,2621738
1,2623077
1,2623098
1,2623430
1,2624280
1,2624336
1,2625041
1,2625236
1,2625693
1,2626089
1,2626398
1,2626512
1,2626562
1,2626566
1,2626836
1,2628595
1,2628632
1,2629464
1,2629541
1,2630057
1,2630438
1,2630769
1,2630801
1,2630939
1,2631021
1,2631059
1,2631133
1,2631304
1,2632240
1,2632456
1,2688292
1,2689173
1,2689327
1,2691787
1,2692910
1,2693912
1,2695205
1,2695798
1,2696513
1,2697542
1,2698866
1,2700622
1,2702167
1,2704474
1,2704917
1,2704991
1,2705077
1,2711633
1,2713961
1,2715148
1,2717096
1,2719302
1,2720280
1,2721018
1,2721369
1,2724190
1,2727192
1,2729760
1,2730976
1,2731159
1,2731368
1,2731452
1,2736114
1,2742689
1,2743980
1,2744414
1,2744877
1,2745086
1,2745807
1,2748599
1,2749137
1,2749870
1,2750737
1,2753494
1,2755279
1,2755773
1,2756742
1,2757942
1,2758673
1,2759855
1,2759969
1,2764633
1,2765050
1,2766064
1,2768008
1,2768898
1,2771426
1,2771853
1,2772886
1,2773474
1,2773609
1,2774241
1,2775120
1,2776262
1,2776795
1,2777600
1,2778997
1,2780964
1,2782775
1,2783064
1,2783681
1,2784092
1,2784561
1,2784772
1,2784796
1,2785136
1,2785234
1,2785500
1,2787874
1,2789134
1,2790837
1,2790866
1,2790985
1,2791462
1,2791915
1,2792020
1,2796135
1,2796730
1,2799047
1,2799355
1,2800451
1,2801494
1,2801795
1,2802197
1,2802805
1,2803363
1,2804167
1,2804591
1,2805008
1,2805038
1,2806473
1,2806513
1,2807021
1,2807879
1,2808658
1,2809245
1,2810474
1,2810630
1,2813198
1,2813474
1,2814425
1,2815100
1,2816155
1,2817750
1,2817880
1,2817983
1,2819559
1,2819889
1,2820440
1,2823928
1,2824435
1,2824558
1,2824878
1,2825328
1,2825567
1,2826209
1,2826220
1,2826612
1,2827259
1,2828211
1,2828473
1,2829437
1,2829922
1,2831070
1,2831893
1,2832294
1,2832353
1,2832924
1,2834736
1,2835392
1,2835728
1,2836602
1,2837471
1,2837671
1,2839260
1,2839515
1,2840291
1,2841453
1,2842518
1,2842902
1,2843101
1,2843186
1,2844136
1,2848369
1,2848661
1,2850720
1,2853003
1,2853842
1,2854171
1,2855039
1,2855068
1,2855501
1,2856860
1,2858597
1,2859445
1,2861135
1,2861286
1,2861438
1,2861881
1,2862452
1,2862855
1,2862997
1,2863121
1,2865754
1,2867658
1,2869210
1,2869242
1,2869379
1,2869573
1,2870728
1,2873124
1,2875144
1,2876406
1,2878250
1,2879911
1,2881016
1,2881498
1,2882652
1,2883809
1,2884256
1,2887220
1,2887905
1,2888077
1,2888618
1,2890614
1,2890714
1,2891586
1,2891713
1,2892605
1,2896508
1,2896616
1,2896779
1,2897045
1,2897537
1,2899319
1,2899883
1,2900963
1,2901871
1,2902573
1,2903577
1,2904226
1,2904839
1,2907435
1,2907457
1,2908570
1,2910816
1,2911287
1,2914288
1,2914326
1,2916130
1,2916137
1,2916428
1,2917086
1,2917565
1,2917689
1,2918511
1,2918643
1,2919860
1,2919928
1,2919942
1,2921629
1,2924490
1,2925497
1,2925522
1,2925539
1,2925662
1,2925886
1,2928921
1,2929212
1,2931494
1,2933473
1,2934312
1,2935685
1,2936185
1,2936261
1,2937402
1,2938480
1,2938963
1,2939190
1,2940217
1,2941911
1,2944137
1,2946630
1,2947272
1,2947452
1,2947888
1,2948604
1,2949217
1,2949996
1,2952658
1,2953029
1,2953324
1,2954208
1,2954521
1,2956581
1,2958227
1,2959204
1,2959266
1,2959687
1,2961854
1,2962963
1,2965837
1,2966414
1,2967184
1,2967220
1,2967734
1,2968028
1,2968706
1,2968787
1,2968979
1,2969581
1,2969765
1,2971140
1,2971595
1,2971908
1,2972734
1,2974665
1,2975312
1,2977224
1,2981393
1,2983963
1,2986108
1,2987308
1,2991145
1,2992564
1,2993170
1,2994794
1,2996021
1,2996928
1,2998015
1,2998313
1,2998998
1,3000614
1,3000763
1,3001393
1,3001757
1,3001818
1,3002170
1,3002344
1,3003103
1,3003744
1,3003867
1,3004704
1,3005085
1,3005638
1,3007188
1,3008666
1,3009062
1,3011515
1,3011558
1,3015096
1,3015507
1,3016400
1,3016786
1,3018333
1,3019037
1,3019520
1,3021282
1,3024420
1,3027536
1,3029127
1,3029854
1,3030719
1,3030871
1,3030953
1,3031137
1,3032733
1,3032800
1,3033728
1,3034575
1,3034786
1,3038089
1,3038623
1,3038632
1,3038952
1,3040707
1,3041053
1,3041254
1,3041931
1,3042258
1,3043138
1,3043409
1,3044830
1,3045011
1,3045223
1,3045365
1,3045616
1,3045944
1,3046090
1,3046346
1,3046352
1,3050082
1,3050085
1,3050524
1,3057480
1,3058231
1,3061820
1,3062475
1,3063008
1,3063218
1,3063442
1,3066714
1,3070557
1,3072454
1,3072810
1,3072956
1,3074675
1,3075464
1,3077454
1,3078809
1,3078949
1,3079171
1,3081762
1,3085310
1,3087414
1,3087893
1,3087957
1,3088524
1,3089040
1,3089976
1,3091761
1,3092374
1,3094492
1,3095491
1,3096308
1,3096495
1,3096981
1,3097280
1,3097652
1,3098846
1,3100561
1,3101031
1,3102852
1,3103030
1,3106099
1,3107386
1,3107973
1,3111296
1,3111302
1,3112133
1,3112136
1,3112733
1,3113156
1,3113376
1,3113935
1,3114749
1,3115472
1,3117277
1,3117388
1,3118126
1,3120146
1,3121037
1,3122049
1,3122971
1,3122974
1,3125238
1,3125923
1,3128947
1,3129168
1,3131002
1,3133108
1,3133603
1,3134289
1,3137199
1,3138242
1,3139582
1,3142133
1,3142143
1,3142292
1,3144434
1,3144474
1,3145480
1,3146723
1,3147172
1,3147475
1,3147945
1,3147970
1,3148081
1,3148478
1,3149092
1,3151025
1,3155274
1,3155549
1,3158214
1,3160758
1,3160826
1,3162706
1,3163001
1,3165867
1,3166095
1,3167597
1,3168250
1,3168319
1,3168462
1,3169243
1,3169590
1,3171930
1,3172153
1,3173985
1,3174074
1,3175707
1,3175987
1,3177847
1,3178111
1,3178309
1,3179703
1,3180310
1,3181982
1,3182407
1,3183696
1,3186355
1,3186617
1,3186710
1,3186987
1,3188077
1,3188309
1,3189083
1,3190030
1,3190381
1,3190621
1,3191352
1,3192832
1,3193747
1,3194281
1,3194949
1,3196489
1,3197348
1,3200069
1,3202174
1,3203304
1,3203819
1,3205648
1,3205956
1,3207589
1,3208271
1,3209923
1,3210018
1,3211458
1,3212145
1,3212746
1,3213021
1,3213428
1,3215366
1,3215396
1,3215945
1,3217896
1,3218206
1,3218484
1,3220248
1,3220418
1,3222123
1,3222792
1,3223124
1,3223280
1,3225519
1,3225794
1,3226303
1,3226353
1,3226594
1,3228130
1,3228924
1,3229880
1,3230404
1,3233930
1,3236041
1,3236844
1,3237056
1,3237415
1,3238014
1,3238572
1,3240447
1,3240489
1,3240491
1,3240617
1,3240843
1,3241915
1,3242323
1,3243858
1,3243922
1,3245770
1,3245956
1,3247788
1,3248804
1,3249032
1,3252490
1,3253782
1,3253839
1,3253940
1,3256250
1,3257672
1,3259019
1,3264171
1,3264297
1,3269435
1,3269889
1,3270590
1,3273005
1,3273156
1,3273382
1,3273408
1,3273789
1,3274113
1,3275672
1,3276138
1,3277224
1,3277615
1,3278428
1,3278497
1,3278907
1,3279285
1,3279628
1,3281946
1,3281948
1,3281974
1,3282695
1,3286040
1,3286442
1,3289971
1,3294222
1,3294422
1,3294848
1,3295102
1,3296094
1,3296304
1,3296698
1,3297081
1,3299883
1,3302679
1,3308282
1,3314130
1,3314951
1,3316456
1,3318914
1,3319037
1,3320232
1,3321767
1,3325225
1,3325912
1,3326134
1,3330104
1,3333111
1,3333233
1,3333513
1,3336345
1,3337033
1,3337283
1,3338030
1,3338448
1,3339355
1,3340269
1,3340641
1,3341353
1,3344215
1,3344774
1,3345138
1,3345613
1,3346120
1,3347018
1,3347612
1,3348388
1,3349259
1,3350162
1,3350163
1,3350734
1,3352174
1,3352328
1,3354062
1,3354427
1,3354615
1,3356683
1,3357888
1,3361608
1,3361996
1,3362762
1,3363789
1,3363801
1,3363961
1,3364905
1,3365676
1,3366133
1,3369107
1,3369753
1,3369824
1,3371786
1,3371862
1,3372000
1,3372879
1,3374360
1,3379830
1,3380224
1,3380545
1,3383461
1,3384143
1,3386266
1,3386918
1,3387114
1,3388585
1,3390011
1,3391221
1,3391469
1,3394666
1,3394968
1,3396000
1,3397004
1,3397586
1,3399375
1,3399455
1,3399817
1,3400587
1,3400932
1,3403680
1,3405674
1,3407212
1,3407564
1,3408183
1,3408746
1,3408979
1,3410293
1,3410581
1,3410848
1,3411413
1,3413123
1,3413916
1,3414231
1,3417092
1,3417211
1,3417353
1,3418440
1,3418575
1,3420094
1,3421746
1,3421926
1,3422007
1,3422137
1,3423332
1,3425617
1,3427750
1,3428067
1,3428110
1,3428324
1,3431555
1,3432993
1,3434123
1,3434517
1,3435238
1,3439148
1,3440028
1,3440239
1,3440796
1,3441908
1,3442503
1,3445408
1,3445536
1,3447006
1,3448565
1,3449997
1,3454945
1,3457054
1,3457834
1,3459274
1,3460523
1,3460790
1,3461204
1,3461498
1,3461519
1,3463362
1,3463407
1,3463493
1,3463896
1,3464801
1,3466744
1,3467492
1,3470176
1,3471417
1,3472545
1,3472928
1,3473378
1,3473611
1,3474817
1,3477789
1,3478229
1,3479983
1,3480209
1,3482760
1,3484354
1,3485086
1,3485623
1,3488312
1,3489865
1,3490353
1,3491196
1,3491352
1,3491499
1,3492505
1,3492574
1,3492670
1,3493471
1,3493850
1,3495273
1,3496204
1,3496369
1,3496479
1,3497996
1,3499246
1,3500633
1,3500808
1,3502478
1,3502621
1,3505915
1,3509541
1,3510544
1,3512049
1,3512516
1,3513581
1,3514900
1,3515119
1,3515383
1,3518385
1,3518419
1,3518678
1,3518697
1,3518944
1,3519544
1,3520464
1,3522049
1,3523868
1,3526711
1,3526905
1,3527291
1,3528674
1,3528979
1,3529542
1,3531506
1,3532279
1,3533921
1,3534523
1,3536400
1,3537206
1,3537498
1,3537536
1,3539766
1,3540146
1,3541380
1,3546088
1,3546935
1,3548031
1,3548136
1,3551978
1,3552398
1,3554930
1,3556676
1,3556906
1,3557298
1,3559068
1,3559279
1,3560118
1,3563512
1,3566159
1,3569205
1,3571317
1,3574198
1,3574319
1,3574419
1,3576060
1,3579337
1,3579379
1,3580666
1,3580910
1,3581296
1,3585437
1,3585604
1,3587692
1,3589136
1,3590836
1,3591642
1,3594120
1,3595569
1,3596059
1,3596450
1,3597017
1,3600328
1,3600408
1,3601123
1,3602207
1,3602273
1,3604480
1,3604964
1,3606550
1,3607368
1,3608530
1,3608865
1,3608894
1,3611143
1,3612072
1,3617545
1,3617884
1,3618716
1,3618826
1,3619335
1,3621281
1,3622111
1,3623075
1,3623414
1,3626250
1,3627347
1,3628274
1,3628677
1,3628747
1,3630280
1,3631005
1,3633113
1,3633558
1,3634172
1,3634338
1,3634786
1,3635070
1,3640134
1,3642544
1,3643100
1,3643448
1,3643639
1,3644387
1,3644450
1,3644664
1,3645208
1,3646694
1,3649625
1,3649695
1,3650483
1,3651317
1,3654353
1,3656305
1,3658252
1,3662409
1,3662587
1,3663807
1,3665509
1,3666404
1,3667396
1,3667499
1,3667776
1,3668445
1,3669510
1,3670652
1,3670804
1,3671595
1,3671927
1,3673118
1,3673644
1,3674534
1,3675603
1,3676318
1,3676551
1,3676714
1,3677244
1,3678220
1,3678904
1,3679140
1,3680406
1,3680428
1,3681109
1,3681469
1,3682003
1,3684214
1,3687834
1,3689760
1,3692286
1,3693945
1,3693993
1,3694683
1,3694734
1,3694795
1,3697405
1,3698224
1,3698319
1,3698645
1,3700767
1,3702143
1,3703698
1,3704041
1,3705450
1,3705551
1,3705898
1,3709372
1,3713073
1,3714588
1,3717152
1,3717609
1,3719849
1,3720993
1,3721223
1,3721287
1,3721846
1,3722702
1,3723380
1,3724372
1,3724406
1,3724552
1,3725071
1,3725988
1,3726182
1,3731480
1,3731925
1,3732253
1,3733539
1,3733614
1,3734485
1,3736590
1,3736979
1,3737029
1,3738248
1,3738339
1,3739625
1,3740124
1,3740202
1,3741211
1,3744076
1,3745015
1,3748085
1,3748107
1,3749692
1,3749694
1,3751489
1,3751728
1,3754649
1,3755575
1,3756071
1,3756206
1,3757181
1,3758581
1,3760025
1,3760670
1,3761365
1,3761490
1,3761650
1,3762442
1,3763243
1,3764728
1,3764854
1,3764968
1,3765319
1,3767691
1,3767745
1,3771505
1,3771723
1,3772460
1,3772939
1,3779680
1,3782072
1,3783498
1,3783620
1,3783983
1,3785135
1,3785319
1,3786033
1,3786576
1,3786706
1,3786916
1,3788653
1,3788706
1,3789281
1,3789852
1,3790773
1,3791348
1,3794221
1,3795487
1,3796756
1,3796940
1,3799820
1,3805275
1,3805331
1,3806041
1,3806371
1,3806817
1,3806819
1,3807661
1,3811027
1,3811060
1,3812661
1,3814360
1,3816626
1,3817009
1,3817173
1,3817624
1,3817975
1,3818134
1,3819919
1,3822204
1,3822739
1,3822769
1,3826947
1,3826949
1,3828037
1,3828326
1,3828491
1,3828705
1,3829825
1,3830934
1,3831555
1,3832640
1,3835738
1,3836598
1,3837894
1,3838271
1,3838496
1,3838731
1,3842054
1,3844025
1,3995268
1,3995729
1,4000113
1,4000717
1,4001178
1,4003321
1,4003982
1,4005161
1,4005434
1,4006292
1,4006996
1,4007483
1,4010010
1,4010312
1,4010411
1,4010683
1,4010742
1,4012517
1,4015896
1,4016556
1,4019380
1,4019456
1,4020870
1,4021272
1,4021532
1,4023161
1,4023288
1,4024529
1,4024927
1,4026728
1,4027590
1,4028698
1,4028924
1,4029460
1,4029733
1,4029952
1,4031154
1,4031584
1,4032084
1,4033709
1,4034009
1,4035184
1,4035455
1,4035703
1,4037416
1,4039440
1,4039541
1,4041540
1,4043503
1,4043936
1,4044697
1,4044933
1,4045381
1,4046531
1,4049252
1,4049799
1,4049823
1,4052536
1,4053435
1,4055092
1,4055675
1,4058863
1,4059309
1,4060087
1,4060934
1,4061803
1,4063121
1,4064841
1,4066117
1,4067502
1,4067544
1,4068245
1,4068337
1,4070395
1,4070616
1,4071886
1,4073839
1,4076313
1,4078324
1,4080778
1,4085204
1,4088123
1,4088766
1,4091072
1,4092078
1,4092921
1,4093700
1,4099757
1,4105289
1,4105340
1,4106048
1,4111057
1,4111187
1,4112848
1,4112926
1,4114421
1,4114669
1,4117595
1,4118279
1,4118860
1,4121105
1,4121127
1,4121653
1,4123900
1,4124156
1,4124484
1,4125007
1,4125233
1,4125393
1,4125403
1,4125633
1,4126084
1,4126765
1,4127240
1,4127800
1,4128037
1,4129247
1,4130348
1,4130569
1,4131111
1,4131225
1,4133697
1,4136969
1,4138093
1,4138920
1,4139706
1,4141914
1,4143593
1,4145409
1,4145532
1,4145693
1,4146713
1,4148436
1,4148895
1,4149120
1,4149276
1,4150404
1,4150522
1,4155263
1,4157198
1,4157428
1,4157831
1,4157870
1,4158220
1,4158734
1,4159509
1,4163142
1,4166872
1,4168425
1,4169089
1,4169341
1,4169751
1,4172618
1,4173250
1,4174293
1,4174732
1,4175891
1,4176409
1,4177549
1,4179073
1,4179134
1,4184794
1,4185908
1,4186417
1,4186869
1,4187275
1,4187821
1,4187916
1,4189625
1,4189945
1,4191047
1,4191724
1,4193218
1,4193301
1,4196468
1,4196818
1,4197035
1,4197418
1,4197987
1,4199190
1,4202818
1,4204920
1,4205125
1,4206323
1,4208335
1,4208467
1,4208988
1,4209077
1,4211963
1,4212157
1,4212795
1,4213056
1,4213317
1,4214031
1,4214714
1,4214964
1,4215114
1,4215297
1,4216781
1,4216958
1,4218286
1,4221318
1,4222684
1,4226193
1,4227464
1,4227939
1,4228098
1,4228379
1,4230081
1,4230776
1,4233407
1,4234444
1,4236315
1,4236421
1,4239038
1,4240178
1,4241085
1,4243314
1,4243383
1,4244997
1,4245439
1,4245654
1,4248617
1,4249139
1,4249712
1,4250487
1,4251092
1,4253891
1,4254312
1,4255553
1,4255943
1,4258157
1,4258722
1,4258736
1,4259253
1,4261514
1,4261779
1,4262091
1,4263905
1,4266820
1,4266999
1,4267357
1,4268495
1,4268818
1,4270706
1,4274185
1,4275051
1,4275453
1,4276122
1,4276434
1,4277948
1,4278081
1,4278331
1,4279083
1,4279913
1,4281810
1,4282493
1,4283858
1,4284199
1,4284273
1,4287972
1,4288552
1,4289149
1,4289286
1,4291973
1,4294761
1,4296611
1,4296671
1,4297772
1,4299273
1,4299889
1,4300353
1,4300927
1,4301183
1,4303747
1,4304449
1,4306434
1,4311009
1,4312655
1,4315610
1,4316580
1,4319165
1,4320681
1,4321518
1,4322557
1,4323058
1,4323105
1,4323816
1,4325239
1,4328476
1,4328580
1,4329107
1,4331739
1,4335036
1,4336688
1,4336744
1,4337516
1,4337922
1,4338998
1,4341159
1,4341453
1,4342373
1,4346014
1,4346213
1,4346737
1,4346992
1,4348303
1,4348882
1,4349310
1,4351402
1,4351527
1,4353478
1,4354113
1,4356925
1,4356980
1,4357007
1,4359387
1,4360980
1,4362489
1,4366617
1,4368111
1,4371359
1,4371506
1,4373470
1,4373682
1,4375648
1,4376958
1,4380378
1,4380440
1,4381060
1,4381265
1,4383113
1,4385832
1,4388377
1,4388885
1,4389199
1,4389363
1,4390591
1,4390951
1,4392147
1,4394424
1,4397495
1,4398057
1,4399103
1,4400111
1,4401843
1,4402131
1,4402553
1,4403519
1,4403591
1,4403620
1,4404344
1,4404525
1,4404573
1,4405404
1,4405513
1,4405999
1,4407355
1,4408556
1,4411851
1,4416728
1,4418403
1,4420288
1,4422582
1,4422767
1,4423630
1,4425080
1,4425414
1,4426797
1,4427472
1,4427590
1,4428063
1,4428595
1,4429462
1,4429712
1,4433175
1,4434554
1,4438731
1,4438823
1,4439174
1,4439882
1,4441089
1,4441658
1,4442418
1,4442752
1,4442853
1,4443170
1,4445008
1,4447421
1,4447651
1,4450385
1,4451726
1,4453235
1,4454322
1,4454550
1,4454785
1,4454914
1,4456313
1,4458722
1,4460815
1,4461533
1,4465760
1,4468216
1,4468719
1,4469924
1,4470034
1,4470755
1,4471026
1,4471408
1,4471605
1,4472376
1,4476305
1,4476487
1,4478007
1,4478039
1,4479732
1,4480470
1,4480600
1,4483403
1,4484899
1,4486522
1,4488132
1,4488222
1,4494267
1,4494623
1,4495501
1,4496176
1,4496369
1,4501694
1,4502840
1,4503301
1,4505183
1,4505245
1,4505524
1,4505994
1,4506644
1,4507163
1,4508569
1,4511999
1,4513445
1,4513894
1,4514568
1,4516067
1,4516615
1,4517253
1,4519399
1,4520167
1,4521736
1,4521838
1,4523924
1,4525572
1,4525855
1,4526751
1,4527663
1,4529022
1,4529283
1,4529368
1,4529544
1,4529555
1,4529824
1,4530075
1,4531294
1,4531775
1,4531818
1,4532889
1,4535024
1,4535325
1,4535523
1,4537246
1,4537600
1,4539897
1,4541390
1,4545260
1,4547877
1,4548546
1,4549803
1,4549809
1,4550177
1,4551466
1,4554038
1,4554971
1,4555010
1,4556490
1,4558933
1,4560063
1,4560399
1,4562577
1,4563375
1,4564130
1,4564598
1,4565016
1,4565526
1,4566175
1,4567007
1,4568616
1,4571391
1,4571474
1,4571752
1,4572945
1,4573809
1,4575177
1,4576331
1,4576825
1,4577056
1,4578638
1,4579283
1,4581230
1,4581330
1,4581490
1,4582636
1,4584305
1,4584611
1,4586800
1,4590969
1,4592185
1,4592794
1,4592824
1,4593881
1,4595289
1,4596700
1,4599243
1,4599736
1,4600214
1,4600414
1,4600817
1,4600932
1,4604104
1,4604169
1,4605001
1,4605240
1,4605302
1,4606033
1,4607738
1,4607839
1,4607952
1,4609535
1,4610222
1,4612701
1,4612811
1,4613438
1,4614021
1,4620150
1,4620228
1,4622963
1,4624511
1,4624574
1,4624864
1,4627077
1,4627084
1,4627307
1,4627387
1,4628269
1,4628331
1,4629895
1,4632531
1,4633222
1,4634174
1,4634265
1,4634842
1,4635548
1,4637061
1,4637167
1,4637791
1,4638188
1,4638675
1,4640918
1,4641517
1,4642515
1,4645523
1,4645859
1,4646052
1,4646229
1,4647247
1,4648786
1,4649020
1,4649738
1,4650128
1,4650330
1,4651347
1,4651603
1,4653163
1,4654408
1,4654684
1,4655468
1,4655608
1,4655728
1,4657196
1,4658862
1,4659087
1,4659962
1,4660552
1,4663999
1,4665940
1,4667169
1,4670454
1,4671474
1,4672389
1,4674429
1,4675712
1,4676284
1,4681137
1,4681317
1,4681900
1,4682402
1,4682565
1,4685648
1,4686316
1,4687009
1,4687623
1,4688337
1,4688355
1,4691068
1,4693251
1,4694899
1,4695138
1,4696084
1,4699246
1,4702036
1,4702579
1,4704224
1,4704226
1,4705931
1,4708228
1,4708643
1,4708727
1,4709424
1,4709962
1,4710481
1,4711442
1,4712097
1,4713222
1,4716072
1,4717555
1,4718213
1,4718250
1,4718393
1,4718943
1,4720290
1,4720776
1,4723833
1,4723908
1,4724632
1,4725133
1,4726117
1,4726359
1,4726899
1,4727025
1,4728715
1,4729278
1,4729811
1,4733843
1,4733847
1,4734993
1,4735041
1,4735056
1,4735908
1,4736539
1,4737128
1,4737493
1,4739081
1,4740568
1,4744889
1,4747663
1,4750573
1,4750881
1,4756017
1,4756542
1,4757278
1,4758378
1,4760083
1,4760571
1,4762877
1,4763165
1,4763342
1,4764533
1,4764923
1,4768017
1,4769466
1,4773170
1,4773992
1,4774073
1,4774713
1,4776375
1,4779036
1,4779656
1,4782021
1,4784820
1,4785755
1,4787193
1,4787622
1,4787798
1,4789148
1,4789894
1,4790988
1,4791301
1,4793646
1,4794867
1,4795194
1,4795259
1,4796223
1,4796296
1,4796752
1,4797848
1,4798642
1,4799110
1,4800184
1,4801032
1,4801388
1,4803586
1,4806873
1,4806987
1,4807670
1,4807912
1,4808470
1,4813262
1,4813360
1,4813426
1,4814837
1,4815092
1,4815233
1,4815568
1,4816137
1,4817529
1,4817675
1,4818823
1,4819559
1,4823081
1,4828244
1,4829031
1,4829835
1,4829888
1,4830987
1,4831193
1,4831495
1,4832983
1,4834222
1,4840396
1,4841095
1,4841973
1,4843280
1,4843707
1,4845026
1,4845137
1,4845892
1,4846156
1,4846369
1,4846729
1,4849064
1,4849971
1,4850823
1,4850976
1,4851469
1,4852365
1,4852953
1,4853000
1,4853518
1,4854399
1,4855286
1,4855393
1,4855692
1,4856930
1,4859471
1,4859565
1,4860048
1,4860099
1,4860979
1,4861446
1,4862293
1,4863313
1,4865201
1,4866554
1,4866650
1,4867752
1,4869231
1,4874405
1,4881747
1,4882840
1,4884853
1,4885289
1,4885457
1,4885686
1,4886549
1,4886646
1,4887009
1,4887187
1,4890014
1,4890468
1,4891177
1,4894346
1,4894886
1,4895206
1,4895271
1,4897553
1,4899473
1,4900038
1,4904836
1,4905058
1,4907375
1,4907437
1,4909437
1,4909853
1,4911257
1,4911637
1,4912455
1,4912476
1,4912677
1,4914809
1,4916648
1,4918109
1,4918184
1,4918572
1,4919488
1,4921858
1,4924029
1,4924190
1,4924304
1,4925693
1,4926174
1,4926987
1,4928236
1,4928304
1,4928560
1,4930192
1,4933559
1,4933588
1,4934310
1,4934325
1,4936516
1,4937048
1,4937840
1,4940507
1,4941250
1,4941478
1,4946775
1,4949979
1,4953135
1,4953929
1,4954746
1,4955387
1,4955991
1,4956099
1,4958139
1,4959221
1,4959240
1,4959499
1,4959702
1,4960838
1,4960911
1,4961685
1,4962683
1,4964584
1,4965037
1,4965959
1,4966045
1,4966601
1,4967058
1,4967744
1,4971823
1,4972704
1,4974173
1,4974278
1,4979489
1,4981607
1,4981608
1,4983615
1,4988109
1,4990434
1,4993787
1,4993802
1,4994211
1,4994750
1,4995421
1,4995807
1,4996226
1,4996307
1,4997413
1,4997533
1,4998845
1,4999727
1,4999843